start=1649.898000
volume=130.000000
