start=645.958000
speed=2.143589
fullscreen=yes
