start=305.266000
volume=120.000000
fullscreen=yes
