start=417.125042
pause=yes
volume=130.000000
fullscreen=yes
sid=1
