start=1493.692000
pause=yes
volume=130.000000
